43
457.898,85.73787
489.4287,134.50696
403.22156,49.767
217.15723,188.54263
543.5894,249.49551
63.792114,484.466
92.20178,343.01923
35.213715,246.27286
346.8852,35.922607
166.90527,489.36792
134.98026,410.24683
17.610184,358.8344
62.97229,403.3216
690.0657,200.59384
53.311737,185.0025
239.18164,136.49084
262.46393,69.68619
552.0,307.0
132.0,242.0
95.0,289.0
439.0,403.0
509.0,388.0
410.0,259.0
197.0,77.0
282.0,195.0
126.0,121.0
338.0,136.0
392.0,162.0
480.0,265.0
554.0,399.0
437.0,454.0
31.0,299.0
90.0,263.0
118.0,197.0
451.0,314.0
493.0,206.0
508.0,447.0
560.0,464.0
486.0,497.0
553.0,530.0
462.0,532.0
550.0,565.0
470.0,582.0
