56
457.898,85.73787
489.4287,134.50696
403.22156,49.767
215.15723,176.54263
543.5894,249.49551
64.792114,500.466
224.20178,578.0192
35.213715,246.27286
346.8852,35.922607
128.90527,535.3679
162.98026,493.24683
17.610184,358.8344
48.97229,360.3216
690.0657,200.59384
53.311737,185.0025
239.18164,136.49084
262.46393,69.68619
552.0,307.0
104.0,373.0
300.0,576.0
439.0,403.0
509.0,388.0
423.0,235.0
197.0,77.0
278.0,161.0
126.0,121.0
338.0,136.0
392.0,162.0
480.0,265.0
554.0,399.0
442.0,454.0
31.0,299.0
116.0,283.0
118.0,197.0
451.0,314.0
493.0,206.0
508.0,447.0
560.0,464.0
491.0,582.0
553.0,530.0
423.0,598.0
550.0,565.0
221.0,519.0
118.0,454.0
50.0,426.0
344.0,572.0
290.0,527.0
371.0,532.0
457.0,589.0
457.0,520.0
231.0,351.0
239.0,303.0
310.0,374.0
330.0,326.0
297.0,282.0
265.0,386.0
